
Time2024-04-02 16:53:43.946138
Receive as byte		: 187,177,36,45,48,46,52,54,44,50,54,46,50,53,44,52,50,46,56,56,44,51,46,54,48,44,48,44,49,44,49,46,48,48,44,48,46,53,48
Receive as String	: -0.46,26.25,42.88,3.60,0,1,1.00,0.50
RSSI 				: -50
SNR  				: 54.25
Time2024-04-02 18:04:56.970252
Receive as byte		: 187,177,36,45,48,46,52,54,44,50,54,46,53,55,44,52,52,46,57,55,44,51,46,54,48,44,49,44,49,44,49,46,48,48,44,48,46,53,48
Receive as String	: -0.46,26.57,44.97,3.60,1,1,1.00,0.50
RSSI 				: -60
SNR  				: 54.25
Time2024-04-02 18:05:06.030289
Receive as byte		: 187,177,36,45,48,46,52,54,44,50,54,46,53,55,44,52,52,46,57,55,44,51,46,54,48,44,49,44,49,44,49,46,48,48,44,48,46,53,48
Receive as String	: -0.46,26.57,44.97,3.60,1,1,1.00,0.50
RSSI 				: -59
SNR  				: 54.25
Time2024-04-02 18:05:15.997474
Receive as byte		: 187,177,36,45,48,46,52,54,44,50,54,46,53,55,44,52,52,46,57,55,44,51,46,54,48,44,49,44,49,44,49,46,48,48,44,48,46,53,48
Receive as String	: -0.46,26.57,44.97,3.60,1,1,1.00,0.50
RSSI 				: -59
SNR  				: 54.25
Time2024-04-02 18:06:29.055658
Receive as byte		: 187,177,36,45,48,46,52,54,44,50,54,46,55,51,44,52,51,46,49,54,44,51,46,53,57,44,49,44,49,44,49,46,48,48,44,48,46,53,48
Receive as String	: -0.46,26.73,43.16,3.59,1,1,1.00,0.50
RSSI 				: -58
SNR  				: 54.25
Time2024-04-02 18:06:38.192473
Receive as byte		: 187,177,36,45,48,46,52,54,44,50,54,46,55,51,44,52,51,46,49,54,44,51,46,53,57,44,49,44,49,44,49,46,48,48,44,48,46,53,48
Receive as String	: -0.46,26.73,43.16,3.59,1,1,1.00,0.50
RSSI 				: -56
SNR  				: 54.25
Time2024-04-02 18:07:48.326351
Receive as byte		: 187,177,36,45,48,46,52,56,44,50,54,46,56,48,44,52,50,46,49,48,44,51,46,53,57,44,49,44,49,44,49,46,48,48,44,48,46,53,48
Receive as String	: -0.48,26.80,42.10,3.59,1,1,1.00,0.50
RSSI 				: -59
SNR  				: 54.25
Time2024-04-02 18:07:57.441423
Receive as byte		: 187,177,36,45,48,46,52,56,44,50,54,46,56,48,44,52,50,46,49,48,44,51,46,53,57,44,49,44,49,44,49,46,48,48,44,48,46,53,48
Receive as String	: -0.48,26.80,42.10,3.59,1,1,1.00,0.50
RSSI 				: -57
SNR  				: 54.0
Time2024-04-02 18:08:07.444588
Receive as byte		: 187,177,36,45,48,46,52,56,44,50,54,46,56,48,44,52,50,46,49,48,44,51,46,53,57,44,49,44,49,44,49,46,48,48,44,48,46,53,48
Receive as String	: -0.48,26.80,42.10,3.59,1,1,1.00,0.50
RSSI 				: -61
SNR  				: 54.25
Time2024-04-02 18:08:17.439175
Receive as byte		: 187,177,36,45,48,46,52,56,44,50,54,46,56,48,44,52,50,46,49,48,44,51,46,53,57,44,49,44,49,44,49,46,48,48,44,48,46,53,48
Receive as String	: -0.48,26.80,42.10,3.59,1,1,1.00,0.50
RSSI 				: -61
SNR  				: 54.5
Time2024-04-02 18:08:27.413215
Receive as byte		: 187,177,36,45,48,46,52,56,44,50,54,46,56,48,44,52,50,46,49,48,44,51,46,53,57,44,49,44,49,44,49,46,48,48,44,48,46,53,48
Receive as String	: -0.48,26.80,42.10,3.59,1,1,1.00,0.50
RSSI 				: -62
SNR  				: 54.25
Time2024-04-02 18:08:37.399271
Receive as byte		: 187,177,36,45,48,46,52,56,44,50,54,46,56,48,44,52,50,46,49,48,44,51,46,53,57,44,49,44,49,44,49,46,48,48,44,48,46,53,48
Receive as String	: -0.48,26.80,42.10,3.59,1,1,1.00,0.50
RSSI 				: -62
SNR  				: 54.5
Time2024-04-02 18:09:57.318189
Receive as byte		: 187,177,36,45,48,46,52,56,44,50,54,46,57,50,44,52,48,46,54,51,44,51,46,53,55,44,48,44,49,44,49,46,48,48,44,48,46,53,48
Receive as String	: -0.48,26.92,40.63,3.57,0,1,1.00,0.50
RSSI 				: -60
SNR  				: 54.5
Time2024-04-02 18:10:06.436440
Receive as byte		: 187,177,36,45,48,46,52,56,44,50,54,46,57,50,44,52,48,46,54,51,44,51,46,53,55,44,48,44,49,44,49,46,48,48,44,48,46,53,48
Receive as String	: -0.48,26.92,40.63,3.57,0,1,1.00,0.50
RSSI 				: -61
SNR  				: 54.25
Time2024-04-02 18:10:16.437735
Receive as byte		: 187,177,36,45,48,46,52,56,44,50,54,46,57,50,44,52,48,46,54,51,44,51,46,53,55,44,48,44,49,44,49,46,48,48,44,48,46,53,48
Receive as String	: -0.48,26.92,40.63,3.57,0,1,1.00,0.50
RSSI 				: -61
SNR  				: 54.25
Time2024-04-02 18:10:26.440688
Receive as byte		: 187,177,36,45,48,46,52,56,44,50,54,46,57,50,44,52,48,46,54,51,44,51,46,53,55,44,48,44,49,44,49,46,48,48,44,48,46,53,48
Receive as String	: -0.48,26.92,40.63,3.57,0,1,1.00,0.50
RSSI 				: -59
SNR  				: 54.25
Time2024-04-02 18:10:36.440791
Receive as byte		: 187,177,36,45,48,46,52,56,44,50,54,46,57,50,44,52,48,46,54,51,44,51,46,53,55,44,48,44,49,44,49,46,48,48,44,48,46,53,48
Receive as String	: -0.48,26.92,40.63,3.57,0,1,1.00,0.50
RSSI 				: -59
SNR  				: 54.25
Time2024-04-02 18:10:46.442130
Receive as byte		: 187,177,36,45,48,46,52,56,44,50,54,46,57,50,44,52,48,46,54,51,44,51,46,53,55,44,48,44,49,44,49,46,48,48,44,48,46,53,48
Receive as String	: -0.48,26.92,40.63,3.57,0,1,1.00,0.50
RSSI 				: -61
SNR  				: 54.5
Time2024-04-02 18:12:05.752071
Receive as byte		: 187,177,36,45,48,46,52,56,44,50,55,46,48,55,44,51,57,46,57,49,44,51,46,53,56,44,49,44,49,44,49,46,48,48,44,48,46,53,48
Receive as String	: -0.48,27.07,39.91,3.58,1,1,1.00,0.50
RSSI 				: -58
SNR  				: 54.25
Time2024-04-02 18:12:15.015652
Receive as byte		: 187,177,36,45,48,46,52,56,44,50,55,46,48,55,44,51,57,46,57,49,44,51,46,53,56,44,49,44,49,44,49,46,48,48,44,48,46,53,48
Receive as String	: -0.48,27.07,39.91,3.58,1,1,1.00,0.50
RSSI 				: -57
SNR  				: 52.75
Time2024-04-02 18:13:28.324303
Receive as byte		: 187,177,36,45,48,46,52,54,44,50,55,46,48,56,44,52,50,46,53,53,44,51,46,53,56,44,49,44,49,44,49,46,48,48,44,48,46,53,48
Receive as String	: -0.46,27.08,42.55,3.58,1,1,1.00,0.50
RSSI 				: -59
SNR  				: 54.25
Time2024-04-02 18:13:37.441052
Receive as byte		: 187,177,36,45,48,46,52,54,44,50,55,46,48,56,44,52,50,46,53,53,44,51,46,53,56,44,49,44,49,44,49,46,48,48,44,48,46,53,48
Receive as String	: -0.46,27.08,42.55,3.58,1,1,1.00,0.50
RSSI 				: -58
SNR  				: 54.0
Time2024-04-02 18:13:47.446286
Receive as byte		: 187,177,36,45,48,46,52,54,44,50,55,46,48,56,44,52,50,46,53,53,44,51,46,53,56,44,49,44,49,44,49,46,48,48,44,48,46,53,48
Receive as String	: -0.46,27.08,42.55,3.58,1,1,1.00,0.50
RSSI 				: -52
SNR  				: 54.5
Time2024-04-02 18:13:57.450214
Receive as byte		: 187,177,36,45,48,46,52,54,44,50,55,46,48,56,44,52,50,46,53,53,44,51,46,53,56,44,49,44,49,44,49,46,48,48,44,48,46,53,48
Receive as String	: -0.46,27.08,42.55,3.58,1,1,1.00,0.50
RSSI 				: -55
SNR  				: 54.25
Time2024-04-02 18:15:08.960168
Receive as byte		: 187,177,36,45,48,46,52,54,44,50,55,46,50,48,44,52,53,46,50,53,44,51,46,53,56,44,49,44,49,44,49,46,48,48,44,48,46,53,48
Receive as String	: -0.46,27.20,45.25,3.58,1,1,1.00,0.50
RSSI 				: -58
SNR  				: 54.25
Time2024-04-02 18:15:18.078312
Receive as byte		: 187,177,36,45,48,46,52,54,44,50,55,46,50,48,44,52,53,46,50,53,44,51,46,53,56,44,49,44,49,44,49,46,48,48,44,48,46,53,48
Receive as String	: -0.46,27.20,45.25,3.58,1,1,1.00,0.50
RSSI 				: -55
SNR  				: 54.5
Time2024-04-02 18:15:28.082300
Receive as byte		: 187,177,36,45,48,46,52,54,44,50,55,46,50,48,44,52,53,46,50,53,44,51,46,53,56,44,49,44,49,44,49,46,48,48,44,48,46,53,48
Receive as String	: -0.46,27.20,45.25,3.58,1,1,1.00,0.50
RSSI 				: -57
SNR  				: 54.25
Time2024-04-02 18:15:38.086524
Receive as byte		: 187,177,36,45,48,46,52,54,44,50,55,46,50,48,44,52,53,46,50,53,44,51,46,53,56,44,49,44,49,44,49,46,48,48,44,48,46,53,48
Receive as String	: -0.46,27.20,45.25,3.58,1,1,1.00,0.50
RSSI 				: -58
SNR  				: 54.25
Time2024-04-02 18:16:54.511929
Receive as byte		: 187,177,36,45,48,46,52,54,44,50,55,46,52,48,44,52,55,46,54,51,44,51,46,53,56,44,49,44,49,44,49,46,48,48,44,48,46,53,48
Receive as String	: -0.46,27.40,47.63,3.58,1,1,1.00,0.50
RSSI 				: -55
SNR  				: 54.5
Time2024-04-02 18:17:03.621303
Receive as byte		: 187,177,36,45,48,46,52,54,44,50,55,46,52,48,44,52,55,46,54,51,44,51,46,53,56,44,49,44,49,44,49,46,48,48,44,48,46,53,48
Receive as String	: -0.46,27.40,47.63,3.58,1,1,1.00,0.50
RSSI 				: -55
SNR  				: 54.5
Time2024-04-02 18:17:13.618207
Receive as byte		: 187,177,36,45,48,46,52,54,44,50,55,46,52,48,44,52,55,46,54,51,44,51,46,53,56,44,49,44,49,44,49,46,48,48,44,48,46,53,48
Receive as String	: -0.46,27.40,47.63,3.58,1,1,1.00,0.50
RSSI 				: -55
SNR  				: 54.5
Time2024-04-02 18:17:23.615196
Receive as byte		: 187,177,36,45,48,46,52,54,44,50,55,46,52,48,44,52,55,46,54,51,44,51,46,53,56,44,49,44,49,44,49,46,48,48,44,48,46,53,48
Receive as String	: -0.46,27.40,47.63,3.58,1,1,1.00,0.50
RSSI 				: -55
SNR  				: 54.5
Time2024-04-02 18:17:33.614036
Receive as byte		: 187,177,36,45,48,46,52,54,44,50,55,46,52,48,44,52,55,46,54,51,44,51,46,53,56,44,49,44,49,44,49,46,48,48,44,48,46,53,48
Receive as String	: -0.46,27.40,47.63,3.58,1,1,1.00,0.50
RSSI 				: -57
SNR  				: 54.0
Time2024-04-02 18:18:52.350503
Receive as byte		: 187,177,36,45,48,46,52,54,44,50,55,46,54,53,44,52,56,46,55,49,44,51,46,53,55,44,49,44,49,44,49,46,48,48,44,48,46,53,48
Receive as String	: -0.46,27.65,48.71,3.57,1,1,1.00,0.50
RSSI 				: -60
SNR  				: 54.5
Time2024-04-02 18:19:01.475089
Receive as byte		: 187,177,36,45,48,46,52,54,44,50,55,46,54,53,44,52,56,46,55,49,44,51,46,53,55,44,49,44,49,44,49,46,48,48,44,48,46,53,48
Receive as String	: -0.46,27.65,48.71,3.57,1,1,1.00,0.50
RSSI 				: -59
SNR  				: 54.25
Time2024-04-02 18:19:11.483208
Receive as byte		: 187,177,36,45,48,46,52,54,44,50,55,46,54,53,44,52,56,46,55,49,44,51,46,53,55,44,49,44,49,44,49,46,48,48,44,48,46,53,48
Receive as String	: -0.46,27.65,48.71,3.57,1,1,1.00,0.50
RSSI 				: -60
SNR  				: 54.5
Time2024-04-02 18:19:21.490471
Receive as byte		: 187,177,36,45,48,46,52,54,44,50,55,46,54,53,44,52,56,46,55,49,44,51,46,53,55,44,49,44,49,44,49,46,48,48,44,48,46,53,48
Receive as String	: -0.46,27.65,48.71,3.57,1,1,1.00,0.50
RSSI 				: -61
SNR  				: 54.0
Time2024-04-02 18:19:31.497353
Receive as byte		: 187,177,36,45,48,46,52,54,44,50,55,46,54,53,44,52,56,46,55,49,44,51,46,53,55,44,49,44,49,44,49,46,48,48,44,48,46,53,48
Receive as String	: -0.46,27.65,48.71,3.57,1,1,1.00,0.50
RSSI 				: -57
SNR  				: 54.0
Time2024-04-02 18:19:41.500785
Receive as byte		: 187,177,36,45,48,46,52,54,44,50,55,46,54,53,44,52,56,46,55,49,44,51,46,53,55,44,49,44,49,44,49,46,48,48,44,48,46,53,48
Receive as String	: -0.46,27.65,48.71,3.57,1,1,1.00,0.50
RSSI 				: -56
SNR  				: 54.5
Time2024-04-02 18:21:01.114825
Receive as byte		: 187,177,36,45,48,46,52,54,44,50,55,46,56,51,44,52,56,46,53,57,44,51,46,53,54,44,48,44,49,44,49,46,48,48,44,48,46,53,48
Receive as String	: -0.46,27.83,48.59,3.56,0,1,1.00,0.50
RSSI 				: -59
SNR  				: 54.25
Time2024-04-02 18:21:10.203297
Receive as byte		: 187,177,36,45,48,46,52,54,44,50,55,46,56,51,44,52,56,46,53,57,44,51,46,53,54,44,48,44,49,44,49,46,48,48,44,48,46,53,48
Receive as String	: -0.46,27.83,48.59,3.56,0,1,1.00,0.50
RSSI 				: -59
SNR  				: 54.5
Time2024-04-02 18:21:20.190136
Receive as byte		: 187,177,36,45,48,46,52,54,44,50,55,46,56,51,44,52,56,46,53,57,44,51,46,53,54,44,48,44,49,44,49,46,48,48,44,48,46,53,48
Receive as String	: -0.46,27.83,48.59,3.56,0,1,1.00,0.50
RSSI 				: -58
SNR  				: 54.25
Time2024-04-02 18:21:30.182889
Receive as byte		: 187,177,36,45,48,46,52,54,44,50,55,46,56,51,44,52,56,46,53,57,44,51,46,53,54,44,48,44,49,44,49,46,48,48,44,48,46,53,48
Receive as String	: -0.46,27.83,48.59,3.56,0,1,1.00,0.50
RSSI 				: -58
SNR  				: 54.25
Time2024-04-02 18:22:48.101235
Receive as byte		: 187,177,36,45,48,46,52,54,44,50,55,46,57,55,44,52,56,46,52,53,44,51,46,53,55,44,49,44,49,44,49,46,48,48,44,48,46,53,48
Receive as String	: -0.46,27.97,48.45,3.57,1,1,1.00,0.50
RSSI 				: -60
SNR  				: 54.5
Time2024-04-02 18:22:57.210628
Receive as byte		: 187,177,36,45,48,46,52,54,44,50,55,46,57,55,44,52,56,46,52,53,44,51,46,53,55,44,49,44,49,44,49,46,48,48,44,48,46,53,48
Receive as String	: -0.46,27.97,48.45,3.57,1,1,1.00,0.50
RSSI 				: -61
SNR  				: 54.0
Time2024-04-02 18:23:07.205235
Receive as byte		: 187,177,36,45,48,46,52,54,44,50,55,46,57,55,44,52,56,46,52,53,44,51,46,53,55,44,49,44,49,44,49,46,48,48,44,48,46,53,48
Receive as String	: -0.46,27.97,48.45,3.57,1,1,1.00,0.50
RSSI 				: -62
SNR  				: 54.25
Time2024-04-02 18:24:23.992682
Receive as byte		: 187,177,36,45,48,46,52,54,44,50,56,46,48,54,44,52,56,46,49,52,44,51,46,53,55,44,49,44,49,44,49,46,48,48,44,48,46,53,48
Receive as String	: -0.46,28.06,48.14,3.57,1,1,1.00,0.50
RSSI 				: -62
SNR  				: 54.25
Time2024-04-02 18:24:33.075603
Receive as byte		: 187,177,36,45,48,46,52,54,44,50,56,46,48,54,44,52,56,46,49,52,44,51,46,53,55,44,49,44,49,44,49,46,48,48,44,48,46,53,48
Receive as String	: -0.46,28.06,48.14,3.57,1,1,1.00,0.50
RSSI 				: -63
SNR  				: 54.25
Time2024-04-02 18:25:43.623105
Receive as byte		: 187,193,31,50,54,46,50,54,44,53,51,46,56,50,44,48,44,48,44,48,44,49,44,48,44,49,46,53,48,44,48,46,53,48
Receive as String	: 26.26,53.82,0,0,0,1,0,1.50,0.50
RSSI 				: -59
SNR  				: 54.0
Time2024-04-02 18:25:48.292936
Receive as byte		: 187,177,36,45,48,46,52,54,44,50,56,46,48,51,44,52,55,46,53,51,44,51,46,53,55,44,49,44,49,44,49,46,48,48,44,48,46,53,48
Receive as String	: -0.46,28.03,47.53,3.57,1,1,1.00,0.50
RSSI 				: -59
SNR  				: 54.0
Time2024-04-02 18:25:52.708736
Receive as byte		: 187,193,31,50,54,46,50,54,44,53,51,46,56,50,44,48,44,48,44,48,44,49,44,48,44,49,46,53,48,44,48,46,53,48
Receive as String	: 26.26,53.82,0,0,0,1,0,1.50,0.50
RSSI 				: -61
SNR  				: 54.0
Time2024-04-02 18:25:57.406711
Receive as byte		: 187,177,36,45,48,46,52,54,44,50,56,46,48,51,44,52,55,46,53,51,44,51,46,53,55,44,49,44,49,44,49,46,48,48,44,48,46,53,48
Receive as String	: -0.46,28.03,47.53,3.57,1,1,1.00,0.50
RSSI 				: -58
SNR  				: 54.5
Time2024-04-02 18:26:02.709384
Receive as byte		: 187,193,31,50,54,46,50,54,44,53,51,46,56,50,44,48,44,48,44,48,44,49,44,48,44,49,46,53,48,44,48,46,53,48
Receive as String	: 26.26,53.82,0,0,0,1,0,1.50,0.50
RSSI 				: -60
SNR  				: 54.75
Time2024-04-02 18:26:12.708956
Receive as byte		: 187,193,31,50,54,46,50,54,44,53,51,46,56,50,44,48,44,48,44,48,44,49,44,48,44,49,46,53,48,44,48,46,53,48
Receive as String	: 26.26,53.82,0,0,0,1,0,1.50,0.50
RSSI 				: -65
SNR  				: 54.75
Time2024-04-02 18:26:32.704946
Receive as byte		: 187,193,31,50,54,46,50,54,44,53,51,46,56,50,44,48,44,48,44,48,44,49,44,48,44,49,46,53,48,44,48,46,53,48
Receive as String	: 26.26,53.82,0,0,0,1,0,1.50,0.50
RSSI 				: -55
SNR  				: 54.25
Time2024-04-02 18:27:08.778646
Receive as byte		: 187,177,36,45,48,46,52,54,44,50,55,46,57,55,44,52,54,46,57,50,44,51,46,53,55,44,49,44,49,44,49,46,48,48,44,48,46,53,48
Receive as String	: -0.46,27.97,46.92,3.57,1,1,1.00,0.50
RSSI 				: -59
SNR  				: 54.25
Time2024-04-02 18:27:13.968596
Receive as byte		: 187,193,31,50,54,46,53,56,44,53,49,46,52,55,44,48,44,48,44,48,44,49,44,48,44,49,46,53,48,44,48,46,53,48
Receive as String	: 26.58,51.47,0,0,0,1,0,1.50,0.50
RSSI 				: -57
SNR  				: 54.0
Time2024-04-02 18:27:17.888771
Receive as byte		: 187,177,36,45,48,46,52,54,44,50,55,46,57,55,44,52,54,46,57,50,44,51,46,53,55,44,49,44,49,44,49,46,48,48,44,48,46,53,48
Receive as String	: -0.46,27.97,46.92,3.57,1,1,1.00,0.50
RSSI 				: -56
SNR  				: 54.5
Time2024-04-02 18:27:23.050471
Receive as byte		: 187,193,31,50,54,46,53,56,44,53,49,46,52,55,44,48,44,48,44,48,44,49,44,48,44,49,46,53,48,44,48,46,53,48
Receive as String	: 26.58,51.47,0,0,0,1,0,1.50,0.50
RSSI 				: -56
SNR  				: 54.0
Time2024-04-02 18:27:27.885066
Receive as byte		: 187,177,36,45,48,46,52,54,44,50,55,46,57,55,44,52,54,46,57,50,44,51,46,53,55,44,49,44,49,44,49,46,48,48,44,48,46,53,48
Receive as String	: -0.46,27.97,46.92,3.57,1,1,1.00,0.50
RSSI 				: -58
SNR  				: 54.25
Time2024-04-02 18:27:33.046425
Receive as byte		: 187,193,31,50,54,46,53,56,44,53,49,46,52,55,44,48,44,48,44,48,44,49,44,48,44,49,46,53,48,44,48,46,53,48
Receive as String	: 26.58,51.47,0,0,0,1,0,1.50,0.50
RSSI 				: -57
SNR  				: 54.0
Time2024-04-02 18:27:43.138578
Receive as byte		: 187,193,31,50,54,46,53,56,44,53,49,46,52,55,44,48,44,48,44,48,44,49,44,48,44,49,46,53,48,44,48,46,53,48
Receive as String	: 26.58,51.47,0,0,0,1,0,1.50,0.50
RSSI 				: -58
SNR  				: 54.25
Time2024-04-02 18:28:22.039010
Receive as byte		: 187,193,31,50,54,46,56,49,44,53,48,46,49,48,44,48,44,48,44,48,44,49,44,49,44,49,46,53,48,44,48,46,53,48
Receive as String	: 26.81,50.10,0,0,0,1,1,1.50,0.50
RSSI 				: -55
SNR  				: 54.25
Time2024-04-02 18:28:31.131043
Receive as byte		: 187,193,31,50,54,46,56,49,44,53,48,46,49,48,44,48,44,48,44,48,44,49,44,49,44,49,46,53,48,44,48,46,53,48
Receive as String	: 26.81,50.10,0,0,0,1,1,1.50,0.50
RSSI 				: -54
SNR  				: 54.25
Time2024-04-02 18:28:38.871922
Receive as byte		: 187,177,36,45,48,46,52,54,44,50,55,46,57,52,44,52,53,46,57,48,44,51,46,53,55,44,49,44,49,44,49,46,48,48,44,48,46,53,48
Receive as String	: -0.46,27.94,45.90,3.57,1,1,1.00,0.50
RSSI 				: -61
SNR  				: 54.25
Time2024-04-02 18:28:47.993039
Receive as byte		: 187,177,36,45,48,46,52,54,44,50,55,46,57,52,44,52,53,46,57,48,44,51,46,53,55,44,49,44,49,44,49,46,48,48,44,48,46,53,48
Receive as String	: -0.46,27.94,45.90,3.57,1,1,1.00,0.50
RSSI 				: -60
SNR  				: 54.5
Time2024-04-02 18:28:57.997484
Receive as byte		: 187,177,36,45,48,46,52,54,44,50,55,46,57,52,44,52,53,46,57,48,44,51,46,53,55,44,49,44,49,44,49,46,48,48,44,48,46,53,48
Receive as String	: -0.46,27.94,45.90,3.57,1,1,1.00,0.50
RSSI 				: -60
SNR  				: 54.5
Time2024-04-02 18:29:08.003380
Receive as byte		: 187,177,36,45,48,46,52,54,44,50,55,46,57,52,44,52,53,46,57,48,44,51,46,53,55,44,49,44,49,44,49,46,48,48,44,48,46,53,48
Receive as String	: -0.46,27.94,45.90,3.57,1,1,1.00,0.50
RSSI 				: -60
SNR  				: 54.75
Time2024-04-02 18:29:09.642311
Receive as byte		: 187,193,31,50,54,46,57,57,44,52,56,46,56,54,44,48,44,48,44,48,44,49,44,49,44,49,46,53,48,44,48,46,53,48
Receive as String	: 26.99,48.86,0,0,0,1,1,1.50,0.50
RSSI 				: -53
SNR  				: 54.0
Time2024-04-02 18:29:18.700099
Receive as byte		: 187,193,31,50,54,46,57,57,44,52,56,46,56,54,44,48,44,48,44,48,44,49,44,49,44,49,46,53,48,44,48,46,53,48
Receive as String	: 26.99,48.86,0,0,0,1,1,1.50,0.50
RSSI 				: -55
SNR  				: 55.0
Time2024-04-02 18:29:28.649756
Receive as byte		: 187,193,31,50,54,46,57,57,44,52,56,46,56,54,44,48,44,48,44,48,44,49,44,49,44,49,46,53,48,44,48,46,53,48
Receive as String	: 26.99,48.86,0,0,0,1,1,1.50,0.50
RSSI 				: -55
SNR  				: 54.25
Time2024-04-02 18:29:38.622310
Receive as byte		: 187,193,31,50,54,46,57,57,44,52,56,46,56,54,44,48,44,48,44,48,44,49,44,49,44,49,46,53,48,44,48,46,53,48
Receive as String	: 26.99,48.86,0,0,0,1,1,1.50,0.50
RSSI 				: -55
SNR  				: 54.25
Time2024-04-02 18:29:48.604490
Receive as byte		: 187,193,31,50,54,46,57,57,44,52,56,46,56,54,44,48,44,48,44,48,44,49,44,49,44,49,46,53,48,44,48,46,53,48
Receive as String	: 26.99,48.86,0,0,0,1,1,1.50,0.50
RSSI 				: -55
SNR  				: 54.5
Time2024-04-02 18:29:58.593559
Receive as byte		: 187,193,31,50,54,46,57,57,44,52,56,46,56,54,44,48,44,48,44,48,44,49,44,49,44,49,46,53,48,44,48,46,53,48
Receive as String	: 26.99,48.86,0,0,0,1,1,1.50,0.50
RSSI 				: -58
SNR  				: 54.25
Time2024-04-02 18:36:38.647831
Receive as byte		: 187,193,31,50,55,46,49,51,44,52,56,46,54,50,44,48,44,48,44,48,44,49,44,48,44,49,46,53,48,44,48,46,53,48
Receive as String	: 27.13,48.62,0,0,0,1,0,1.50,0.50
RSSI 				: -58
SNR  				: 54.5
Time2024-04-02 18:36:47.728356
Receive as byte		: 187,193,31,50,55,46,49,51,44,52,56,46,54,50,44,48,44,48,44,48,44,49,44,48,44,49,46,53,48,44,48,46,53,48
Receive as String	: 27.13,48.62,0,0,0,1,0,1.50,0.50
RSSI 				: -51
SNR  				: 54.25
Time2024-04-02 18:37:23.973870
Receive as byte		: 187,193,31,50,55,46,51,48,44,52,56,46,50,54,44,48,44,48,44,48,44,49,44,49,44,49,46,53,48,44,48,46,53,48
Receive as String	: 27.30,48.26,0,0,0,1,1,1.50,0.50
RSSI 				: -55
SNR  				: 54.0